01069
04001
06037
06097
06001
06045
08077
06055
10005
12086
12071
12033
17031
13245
13103
16027
26103
19163
36067
36071
08031
21093
26099
22051
02170
24005
24031
01051
25001
25013
01055
01115
27137
29031
30031
34011
34041
34005
34023
37031
39035
41033
42045
42049
45091
45057
47065
47163
47009
48201
54107
51107
53027
53053
06101
12097
12119
12107
13135
13217
25015
27139
28121
30013
36053
37147
37085
37125
37023
37021
39101
40027
42071
42043
42027
42063
45077
45041
46103
48139
48491
48213
48005
48441
49057
49035
51085
51003
51019
51015
51121
53005
54033
55111
72097
72031
72113
10003
06089
04013
12127
12101
12017
12131
12031
12053
17043
17161
13215
13127
01089
05007
04015
04005
06083
06111
06025
06065
06023
08123
08069
09110
39095
41039
42051
42055
44007
45003
12095
26115
18081
36061
36065
08059
36009
22017
23031
23003
02090
24037
24017
24021
24043
01043
01121
25025
25005
27027
29095
29183
33017
34009
34015
34003
34019
35045
36045
36019
37129
37119
37089
37155
38017
13185
15003
15001
21029
21067
45007
45083
47155
47147
48167
48479
48409
48141
48245
49005
51095
51153
51059
53073
53067
53033
05069
06039
06047
06103
06115
12001
12073
12023
13089
13139
13153
13157
13013
13113
48469
48471
22103
22073
22097
24027
27053
27013
28089
28081
28073
30063
30049
34027
36091
37027
41005
41047
45085
45035
45015
45075
45055
45059
47093
47189
47119
48091
48453
24033
24015
01101
01095
25017
25027
32003
34033
34021
36013
37019
39061
41035
42133
42095
45019
47157
48203
48037
49045
53011
53045
04025
49011
51161
53077
53041
54081
55133
01003
06073
06081
06017
06007
09170
04021
13073
13313
26121
40125
08013
22045
22019
42029
26163
36047
26055
21059
12083
13151
20161
21151
22071
27145
34035
37101
40145
42091
42013
42033
45047
47063
48135
51041
51177
54039
17097
06059
06041
06085
06077
06019
09180
41019
41051
42111
42101
36111
37193
41003
47059
47187
47037
48339
53021
53025
06053
18089
36081
08005
24025
01117
25011
37133
42125
45073
22105
24001
32031
33015
33009
34001
15007
48215
51069
51165
53057
05145
05085
12105
12055
49049
22063
28049
12009
04027
05131
06013
09130
16083
26147
36103
23005
29189
30029
51179
13021
37159
48041
72127
12057
13051
01049
06033
42017
45013
36063
36119
36105
08001
01073
29037
34031
37141
47165
48427
53015
05045
12117
22015
40101
42097
47001
48381
06079
06057
17197
36113
36075
44005
54011
16005
22079
35043
47149
48187
12103
48355
12069
27171
41043
48029
48423
11001
12089
06087
36059
25009
29099
34013
18157
45045
48061
22033
48039
53035
45079
28033
38035
45051
13121
15009
22055
29019
06107
42089
51199
53029
06113
22057
27163
39043
12109
12035
37051
41017
45063
34007
48361
54003
06069
08035
37127
37057
42129
51087
09190
47113
24009
09140
13031
06095
13179
01097
04017
06099
12087
12081
09120
17091
13285
17119
17037
17089
17179
13295
19061
26021
26005
26139
26065
40143
36079
36029
26045
26155
36001
01103
26017
41067
56025
39013
41071
42003
42005
72021
12115
12021
39025
42077
12099
12061
39093
39007
17019
48157
72061
17183
33013
48121
17199
48027
48231
72025
01083
04003
37183
37151
48099
37035
48183
72139
06075
06061
06029
38015
39003
39139
09160
39133
39145
39029
39099
55025
18011
16001
51740
51800
33005
53063
21227
36085
55117
37071
55059
55105
19013
39017
20173
05119
27131
28035
29077
29510
46083
13247
29097
47125
13115
29047
13095
13297
13059
18105
05051
27035
27109
47011
27019
19169
12019
13057
20015
13067
20177
51650
13015
51710
51810
51013
51550
13255
46099
23001
55127
23011
26087
55063
27003
27123
27141
18063
18035
18005
24045
24003
17143
24510
26093
31153
18095
20103
35031
16019
20209
35035
37045
16055
36005
28059
37179
26161
36055
18019
18167
21145
34029
34025
18097
26081
08041
34017
34039
26125
36087
40109
18141
26067
29165
18177
41059
42073
19155
42085
18163
21047
40037
21185
01125
01015
26077
26145
22109
18039
36069
55027
26037
21111
21037
55087
55017
18057
36083
21199
36093
05031
40131
36007
54061
55079
40017
06031
55101
01077
04019
36027
40031
26111
51680
05143
06067
10001
12113
26025
12011
51760
44003
17167
18173
18043
51770
26117
26159
18059
18109
26091
19103
18127
20091
29043
38101
35025
39157
39023
36101
39109
39113
39041
39045
39153
48397
48209
30111
39159
39057
48257
48181
53061
39151
48291
48221
39173
39055
25023
29021
28067
31055
35001
42011
36109
42107
37105
37069
39103
42069
42041
19113
55009
13047
48329
39155
42007
55139
31109
18067
51700
40119
12085
02020
35013
36015
55089
56021
53009
28075
55071
37049
13063
18053
36117
18085
36011
13223
37171
29071
23019
35049
37025
12005
12111
29051
17099
13045
48439
48113
48497
17115
48085
48375
48303
48251
48451
48309
35061
06071
09150
39085
41029
12015
37001
37063
42039
17113
26049
37191
37097
55097
21015
37109
37067
39049
39063
37081
37195
39165
72013
39169
42079
42081
41053
42075
42019
42021
29187
47141
18091
48367
34037
55039
51510
37157
55109
48021
24013
44009
13077
55035
25021
12091
55055
01081
28047
17111
17201
18003
08101
21117
19193
51061
37135
36089
39089
20045
39141
17163
49053
26075
55141
72137
50007
53007
55073
55131
72135
42001
08014
17093
25003
42025
33011
48485
37037
22005
13117
27037
47179
05125
13097
19153
19049
39119
