01003
01069
06037
06087
06097
06013
10001
12017
12071
12101
12033
02090
13185
13127
13051
13179
13073
17031
01117
01055
01051
22017
24005
24025
24015
25009
25005
25021
26055
26103
26147
27027
28033
34015
36013
36045
36059
37133
38035
45051
42111
42133
45003
45091
47065
47059
48355
48215
48061
48479
48039
48203
49045
51095
51107
53067
53029
54011
54003
06057
05085
06007
06089
06047
06033
06115
08035
09140
12107
12001
13089
13157
13031
15003
15007
18035
22033
27013
30031
34027
36111
37051
37085
37193
40027
41017
41047
42027
42041
42003
42129
45077
45085
45063
45055
46103
47093
47001
48157
48257
48471
49057
51087
51015
51121
51019
53041
55111
55035
09110
10003
10005
11001
12057
12009
12113
12131
12073
13215
13103
01089
04005
04027
04001
05131
05007
06073
06065
06041
06081
06017
08077
08123
08069
37031
37019
37129
37119
37089
38017
41039
41051
41035
42055
42017
42029
44007
45013
45007
45043
47009
48167
48037
04013
04021
17161
17097
18089
18177
19163
01043
01121
22105
22071
24037
24021
25017
27137
29031
29189
29037
33015
33017
34009
34023
34007
35045
36103
36047
36105
15009
18053
20161
22015
22045
51153
51059
53035
53011
53045
53053
54107
06107
05145
06067
06069
06101
06113
08005
08013
12023
12055
12097
13153
13121
45015
45075
45079
47149
48453
48339
48187
48423
48469
49035
27145
28121
34035
35043
36053
37023
37101
37125
37127
37021
40125
41005
42091
42043
42097
01101
22109
23031
24009
24043
25023
25011
26099
34011
34025
34021
36061
36081
36009
39035
42049
44005
45073
48409
48141
49005
53009
17043
06099
05069
08059
12069
12083
51179
51161
53007
56025
01097
01073
04015
06071
06001
09180
12127
12031
02170
02020
13245
04025
51061
54033
72113
72097
12053
13313
06053
06085
06023
39095
42125
42045
42095
47157
48245
18167
13113
13021
16005
21151
21029
22005
25015
27053
28089
29019
30013
36067
37057
37141
37167
42089
42005
45041
48491
51177
12117
47063
48041
49049
28049
40145
41043
42071
42033
54081
54039
09170
24001
45083
48427
48361
24033
26115
29095
34033
34041
34003
34031
36119
36075
22055
22063
53057
53033
53061
06039
06077
06019
24045
45019
47147
48201
22097
30063
39101
45035
51041
01049
06111
09130
41019
44009
47165
01115
24031
27163
32031
34019
36071
51165
12105
13217
15001
27139
30049
36091
48381
12091
06045
37155
41033
21059
24017
25025
29099
30029
32003
34001
36063
21067
51069
53027
45059
47119
48091
34013
36065
37147
39055
40101
41003
53005
06025
12089
22057
36029
24003
34005
47155
53015
08101
22103
37161
47189
48029
51085
06061
39043
42101
17197
23003
25013
29183
18067
51199
05045
08031
13077
45047
47037
22079
12095
13135
48135
49011
27171
42051
26163
33009
47163
06055
06083
53077
09190
45057
16083
37159
42063
47187
01081
05143
09150
12015
01095
37049
51003
53021
12103
72127
16027
39061
48005
48347
47141
36113
24027
12119
04017
17111
18163
12081
13047
01125
18127
19193
20091
20209
26005
26091
26021
29165
31055
31153
40143
40031
47179
36055
36011
48085
48099
37179
48139
37171
48397
48021
72135
12021
12011
72031
12061
12005
36001
72021
36069
37025
13045
37105
37069
37195
55039
55017
38101
72025
04019
41053
42107
06059
06079
06095
39173
39139
42037
12087
39133
39153
42021
09120
35013
35035
49053
08001
36027
31109
13095
18157
26049
36007
36117
26037
36089
36079
33001
27141
20015
27131
27019
37071
51710
51740
53073
28035
39029
39025
29077
39085
21227
29187
17143
13015
13297
42085
55105
06029
33011
34029
18095
18085
20173
48367
48303
18059
48497
48231
17037
08041
48375
55101
55059
55127
13097
21199
23019
55063
26155
51700
55117
51800
51013
55009
47011
51510
17199
17167
05119
47113
18011
05125
16001
19169
19013
48291
18063
06031
06103
48121
18005
18057
20045
48181
18019
23005
18141
18003
34017
21037
34039
21015
13255
13247
35031
22019
36085
36087
41059
29510
36101
41029
42039
29097
36083
42007
45045
46083
13117
24510
25001
26139
26017
17163
19155
47125
17201
17089
17091
51760
51680
55025
55027
13115
72061
50007
51650
55097
55139
16055
55055
18091
55131
55073
12109
39013
39007
09160
13285
12085
12111
05031
42073
13295
17179
54061
37157
17099
17113
39155
55071
51810
44003
46099
53063
08014
37067
29051
39165
39157
37097
39109
39103
39169
41067
26111
34037
37045
39089
39003
42077
42013
26125
26067
39041
39057
42069
26025
26077
38015
40109
20103
01103
39049
27109
21111
21117
40037
24013
25027
26159
28081
28067
28073
30111
35001
28047
29021
37081
48329
37035
37151
37001
25003
26121
13059
42019
39093
72139
12086
17019
55079
56021
42001
20177
23001
26081
18109
22051
36015
26087
13013
39017
17115
37135
05051
48485
37037
33005
35025
42025
01015
36005
21047
26145
36019
29043
40119
04003
48209
12035
33013
19061
13223
36109
19153
48309
48251
48451
48113
19049
48183
39063
39023
39159
40131
35049
41071
26075
42011
27037
37063
42075
27123
27035
37191
42081
55087
27003
42079
39151
18043
39141
18039
13063
29071
01083
21093
22073
37027
48213
53025
13151
13139
39145
55133
55141
17119
72013
39119
06075
28075
18173
18105
26093
55089
13067
48221
55109
12099
19113
51770
26117
37183
18081
48027
39045
12115
35061
40017
48441
23011
51550
21185
36093
37109
28059
39113
18097
12019
48439
19103
01077
21145
26045
26161
16019
17183
17093
39099
29047
13057
26065
72137
